2.0 18.0 7643.0 3.0 2.0
2.0 13.0 7866.0 4.0 2.0
1.0 14.0 9933.0 4.0 3.0
1.0 15.0 5898.0 3.0 3.0
2.0 10.0 6089.0 4.0 2.0
2.0 23.0 2316.0 3.0 1.0
1.0 15.0 2172.0 4.0 3.0
1.0 16.0 2355.0 4.0 3.0
2.0 19.0 5106.0 3.0 1.0
2.0 22.0 4106.0 3.0 1.0
2.0 20.0 4466.0 4.0 2.0
2.0 14.0 8154.0 3.0 2.0
2.0 24.0 8121.0 3.0 2.0
2.0 15.0 7701.0 3.0 2.0
1.0 14.0 7311.0 3.0 3.0
1.0 16.0 8865.0 3.0 3.0
1.0 14.0 5119.0 3.0 3.0
2.0 21.0 6641.0 4.0 2.0
1.0 20.0 2271.0 3.0 3.0
2.0 18.0 5190.0 3.0 1.0
2.0 21.0 3368.0 4.0 2.0
1.0 12.0 3647.0 4.0 3.0
1.0 11.0 3809.0 3.0 3.0
2.0 17.0 4828.0 4.0 2.0
1.0 19.0 3165.0 3.0 3.0
2.0 11.0 8988.0 3.0 2.0
1.0 21.0 7822.0 4.0 3.0
2.0 19.0 4621.0 4.0 2.0
2.0 21.0 8748.0 4.0 2.0
2.0 10.0 3050.0 3.0 2.0
2.0 23.0 2344.0 4.0 2.0
2.0 20.0 4949.0 4.0 2.0
2.0 18.0 8313.0 3.0 2.0
2.0 20.0 9993.0 3.0 2.0
2.0 19.0 4454.0 4.0 2.0
1.0 11.0 9558.0 3.0 3.0
1.0 22.0 7402.0 4.0 3.0
1.0 12.0 7941.0 3.0 3.0
2.0 22.0 5638.0 3.0 2.0
1.0 21.0 7305.0 3.0 3.0
2.0 10.0 8856.0 3.0 2.0
2.0 22.0 9712.0 3.0 2.0
1.0 24.0 9162.0 4.0 3.0
2.0 22.0 7721.0 4.0 2.0
1.0 21.0 9585.0 3.0 3.0
2.0 15.0 5000.0 3.0 2.0
1.0 19.0 4958.0 4.0 3.0
2.0 20.0 8619.0 4.0 2.0
1.0 16.0 8559.0 3.0 3.0
1.0 21.0 3104.0 4.0 3.0
2.0 24.0 8735.0 4.0 2.0
1.0 19.0 6162.0 4.0 3.0
1.0 17.0 6791.0 3.0 3.0
2.0 15.0 9662.0 4.0 2.0
2.0 21.0 7793.0 4.0 2.0
2.0 21.0 4684.0 4.0 2.0
2.0 15.0 6433.0 4.0 2.0
2.0 16.0 3509.0 3.0 1.0
1.0 21.0 3781.0 4.0 3.0
1.0 10.0 5100.0 4.0 3.0
2.0 18.0 3291.0 3.0 1.0
2.0 24.0 4486.0 4.0 2.0
1.0 16.0 7352.0 3.0 3.0
1.0 24.0 2699.0 3.0 3.0
1.0 22.0 3752.0 4.0 3.0
1.0 23.0 9482.0 4.0 3.0
2.0 13.0 2637.0 4.0 2.0
1.0 16.0 5164.0 3.0 3.0
2.0 23.0 3109.0 3.0 1.0
2.0 15.0 2554.0 4.0 2.0
2.0 14.0 7393.0 3.0 2.0
2.0 15.0 5073.0 3.0 2.0
1.0 10.0 5069.0 4.0 3.0
2.0 18.0 4048.0 3.0 1.0
2.0 16.0 2446.0 3.0 1.0
1.0 17.0 3257.0 3.0 3.0
2.0 11.0 9788.0 3.0 2.0
2.0 15.0 2387.0 3.0 2.0
1.0 20.0 6058.0 4.0 3.0
1.0 15.0 4163.0 4.0 3.0
2.0 18.0 6634.0 4.0 2.0
2.0 16.0 6683.0 3.0 2.0
2.0 20.0 8935.0 4.0 2.0
1.0 19.0 4388.0 4.0 3.0
1.0 15.0 7929.0 3.0 3.0
1.0 21.0 3279.0 4.0 3.0
2.0 23.0 4963.0 4.0 2.0
2.0 11.0 2186.0 4.0 2.0
2.0 11.0 8824.0 4.0 2.0
2.0 20.0 8401.0 3.0 2.0
1.0 16.0 4547.0 4.0 3.0
2.0 13.0 9074.0 3.0 2.0
2.0 16.0 4944.0 3.0 1.0
1.0 15.0 8213.0 4.0 3.0
1.0 10.0 8111.0 4.0 3.0
1.0 18.0 4329.0 3.0 3.0
1.0 12.0 9237.0 3.0 3.0
1.0 21.0 6849.0 3.0 3.0
2.0 18.0 6143.0 3.0 2.0
1.0 18.0 6671.0 3.0 3.0
2.0 10.0 2651.0 4.0 2.0
2.0 19.0 2777.0 3.0 1.0
1.0 12.0 3437.0 3.0 3.0
2.0 14.0 6936.0 3.0 2.0
1.0 12.0 8305.0 3.0 3.0
2.0 24.0 5954.0 4.0 2.0
2.0 19.0 5455.0 3.0 1.0
2.0 22.0 4455.0 4.0 2.0
1.0 14.0 4684.0 4.0 3.0
2.0 24.0 4036.0 4.0 2.0
1.0 16.0 5107.0 3.0 3.0
2.0 20.0 2804.0 3.0 1.0
2.0 13.0 4535.0 3.0 2.0
1.0 22.0 9540.0 3.0 3.0
1.0 14.0 8383.0 4.0 3.0
2.0 22.0 2387.0 3.0 1.0
2.0 19.0 8105.0 3.0 2.0
1.0 24.0 6092.0 4.0 3.0
2.0 17.0 6087.0 4.0 2.0
1.0 13.0 7997.0 4.0 3.0
1.0 20.0 2806.0 3.0 3.0
1.0 22.0 2913.0 3.0 3.0
2.0 20.0 5984.0 3.0 2.0
1.0 21.0 8420.0 4.0 3.0
2.0 12.0 8223.0 4.0 2.0
1.0 22.0 4164.0 3.0 3.0
2.0 22.0 5575.0 4.0 2.0
1.0 22.0 9358.0 3.0 3.0
1.0 15.0 5679.0 4.0 3.0
1.0 17.0 3599.0 4.0 3.0
2.0 13.0 6715.0 3.0 2.0
2.0 24.0 5013.0 3.0 1.0
1.0 13.0 5747.0 4.0 3.0
2.0 24.0 7900.0 3.0 2.0
2.0 15.0 8112.0 3.0 2.0
1.0 18.0 4304.0 3.0 3.0
1.0 10.0 9758.0 4.0 3.0
1.0 18.0 8961.0 4.0 3.0
1.0 10.0 7031.0 4.0 3.0
2.0 15.0 2096.0 4.0 2.0
1.0 11.0 7537.0 3.0 3.0
1.0 23.0 9542.0 3.0 3.0
1.0 18.0 8176.0 3.0 3.0
1.0 17.0 7396.0 3.0 3.0
2.0 18.0 5197.0 4.0 2.0
1.0 22.0 4336.0 3.0 3.0
2.0 21.0 6449.0 3.0 2.0
2.0 20.0 2718.0 3.0 1.0
2.0 15.0 7029.0 3.0 2.0
2.0 11.0 5559.0 4.0 2.0
1.0 22.0 5136.0 3.0 3.0
2.0 18.0 2133.0 3.0 1.0
2.0 12.0 8853.0 4.0 2.0
2.0 24.0 9160.0 4.0 2.0
1.0 15.0 3634.0 4.0 3.0
1.0 11.0 8663.0 4.0 3.0
2.0 18.0 6540.0 4.0 2.0
2.0 10.0 6688.0 4.0 2.0
1.0 16.0 7041.0 3.0 3.0
1.0 14.0 8067.0 3.0 3.0
2.0 23.0 3453.0 3.0 1.0
1.0 21.0 2248.0 3.0 3.0
1.0 16.0 7776.0 4.0 3.0
1.0 20.0 9263.0 3.0 3.0
2.0 20.0 8132.0 3.0 2.0
1.0 14.0 5192.0 3.0 3.0
2.0 15.0 5577.0 4.0 2.0
1.0 20.0 9054.0 4.0 3.0
2.0 16.0 9540.0 3.0 2.0
1.0 16.0 5981.0 4.0 3.0
1.0 17.0 2843.0 3.0 3.0
2.0 21.0 4871.0 3.0 1.0
1.0 21.0 5836.0 3.0 3.0
2.0 13.0 6372.0 4.0 2.0
1.0 18.0 7878.0 4.0 3.0
1.0 13.0 8070.0 4.0 3.0
2.0 23.0 4421.0 3.0 1.0
1.0 24.0 4124.0 3.0 3.0
1.0 18.0 2876.0 4.0 3.0
1.0 10.0 4149.0 4.0 3.0
1.0 13.0 2937.0 4.0 3.0
2.0 18.0 5156.0 4.0 2.0
2.0 18.0 2543.0 3.0 1.0
2.0 11.0 2257.0 4.0 2.0
1.0 10.0 7294.0 4.0 3.0
2.0 18.0 3664.0 3.0 1.0
1.0 10.0 2674.0 4.0 3.0
1.0 20.0 7856.0 4.0 3.0
1.0 11.0 6362.0 4.0 3.0
1.0 17.0 3424.0 4.0 3.0
2.0 11.0 4408.0 4.0 2.0
1.0 23.0 5517.0 4.0 3.0
2.0 16.0 4677.0 3.0 1.0
2.0 14.0 6506.0 4.0 2.0
2.0 23.0 3094.0 3.0 1.0
2.0 18.0 7474.0 4.0 2.0
2.0 12.0 8914.0 4.0 2.0
2.0 17.0 9147.0 3.0 2.0
1.0 17.0 7452.0 3.0 3.0
2.0 17.0 5325.0 3.0 1.0
1.0 15.0 6457.0 3.0 3.0
2.0 21.0 4883.0 4.0 2.0
2.0 20.0 8512.0 3.0 2.0
1.0 14.0 2879.0 4.0 3.0
1.0 23.0 6361.0 4.0 3.0
1.0 23.0 5054.0 4.0 3.0
2.0 22.0 4223.0 3.0 1.0
2.0 15.0 3769.0 4.0 2.0
2.0 11.0 7408.0 4.0 2.0
2.0 22.0 5260.0 3.0 1.0
2.0 14.0 6824.0 4.0 2.0
2.0 24.0 8032.0 3.0 2.0
1.0 18.0 7658.0 3.0 3.0
2.0 16.0 3671.0 3.0 1.0
2.0 18.0 8369.0 4.0 2.0
1.0 22.0 8258.0 4.0 3.0
1.0 19.0 6749.0 4.0 3.0
1.0 13.0 2666.0 3.0 3.0
1.0 23.0 7887.0 4.0 3.0
2.0 11.0 3849.0 4.0 2.0
2.0 17.0 5603.0 4.0 2.0
2.0 21.0 6510.0 4.0 2.0
1.0 10.0 7780.0 4.0 3.0
2.0 21.0 7536.0 4.0 2.0
1.0 21.0 6235.0 3.0 3.0
1.0 22.0 2186.0 3.0 3.0
1.0 14.0 3816.0 3.0 3.0
1.0 18.0 7740.0 3.0 3.0
2.0 17.0 2328.0 3.0 1.0
2.0 14.0 2540.0 3.0 2.0
2.0 12.0 9783.0 3.0 2.0
2.0 13.0 7483.0 3.0 2.0
2.0 10.0 3255.0 4.0 2.0
2.0 13.0 9884.0 4.0 2.0
1.0 10.0 9652.0 4.0 3.0
1.0 14.0 7009.0 3.0 3.0
1.0 17.0 7470.0 3.0 3.0
2.0 15.0 6276.0 4.0 2.0
2.0 15.0 8729.0 4.0 2.0
1.0 15.0 7700.0 4.0 3.0
1.0 11.0 4213.0 3.0 3.0
1.0 23.0 5791.0 3.0 3.0
1.0 12.0 2800.0 3.0 3.0
2.0 14.0 7499.0 3.0 2.0
2.0 21.0 7516.0 4.0 2.0
2.0 19.0 9617.0 3.0 2.0
2.0 18.0 8526.0 3.0 2.0
1.0 10.0 9351.0 4.0 3.0
2.0 13.0 5781.0 4.0 2.0
2.0 22.0 4524.0 3.0 1.0
1.0 15.0 8057.0 3.0 3.0
2.0 21.0 5940.0 4.0 2.0
1.0 15.0 4446.0 3.0 3.0
1.0 14.0 2093.0 4.0 3.0
2.0 15.0 7019.0 4.0 2.0
1.0 20.0 5697.0 4.0 3.0
1.0 24.0 4406.0 3.0 3.0
2.0 12.0 3001.0 4.0 2.0
2.0 13.0 3943.0 4.0 2.0
1.0 17.0 7628.0 3.0 3.0
2.0 23.0 6793.0 4.0 2.0
1.0 21.0 2953.0 3.0 3.0
1.0 22.0 3696.0 3.0 3.0
1.0 14.0 9123.0 3.0 3.0
1.0 19.0 3015.0 4.0 3.0
2.0 15.0 4207.0 3.0 2.0
1.0 16.0 7252.0 3.0 3.0
1.0 22.0 2601.0 3.0 3.0
1.0 19.0 5296.0 4.0 3.0
2.0 11.0 2036.0 3.0 2.0
2.0 24.0 6838.0 4.0 2.0
1.0 13.0 8110.0 3.0 3.0
1.0 18.0 8723.0 4.0 3.0
2.0 21.0 7586.0 3.0 2.0
2.0 18.0 9570.0 3.0 2.0
1.0 23.0 8730.0 3.0 3.0
2.0 18.0 4338.0 4.0 2.0
1.0 19.0 7844.0 4.0 3.0
1.0 23.0 9423.0 3.0 3.0
2.0 12.0 4893.0 3.0 2.0
2.0 15.0 3946.0 4.0 2.0
1.0 12.0 9415.0 4.0 3.0
2.0 14.0 2484.0 4.0 2.0
1.0 20.0 6122.0 4.0 3.0
2.0 18.0 6356.0 4.0 2.0
1.0 24.0 4794.0 4.0 3.0
2.0 16.0 7386.0 4.0 2.0
1.0 16.0 9743.0 4.0 3.0
1.0 22.0 3402.0 4.0 3.0
2.0 17.0 6441.0 3.0 2.0
2.0 22.0 8103.0 4.0 2.0
1.0 16.0 4810.0 4.0 3.0
1.0 18.0 8648.0 3.0 3.0
1.0 24.0 9820.0 4.0 3.0
2.0 10.0 4906.0 3.0 2.0
2.0 10.0 6479.0 3.0 2.0
2.0 18.0 2519.0 3.0 1.0
1.0 22.0 4916.0 4.0 3.0
2.0 10.0 7685.0 4.0 2.0
2.0 13.0 4794.0 3.0 2.0
1.0 10.0 2491.0 4.0 3.0
2.0 21.0 2040.0 4.0 2.0
2.0 14.0 8035.0 3.0 2.0
1.0 19.0 2730.0 3.0 3.0
2.0 20.0 4204.0 3.0 1.0
1.0 18.0 8309.0 4.0 3.0
2.0 11.0 9429.0 4.0 2.0
1.0 11.0 9497.0 4.0 3.0
1.0 21.0 7441.0 4.0 3.0
2.0 22.0 9550.0 3.0 2.0
1.0 24.0 7497.0 3.0 3.0
2.0 16.0 9581.0 3.0 2.0
2.0 22.0 8974.0 3.0 2.0
1.0 14.0 2951.0 3.0 3.0
2.0 13.0 4408.0 4.0 2.0
1.0 15.0 5012.0 4.0 3.0
1.0 24.0 7208.0 4.0 3.0
2.0 16.0 3861.0 4.0 2.0
1.0 24.0 8905.0 4.0 3.0
1.0 23.0 4119.0 4.0 3.0
1.0 23.0 6776.0 3.0 3.0
2.0 16.0 5980.0 4.0 2.0
1.0 11.0 9155.0 4.0 3.0
1.0 11.0 9240.0 3.0 3.0
1.0 11.0 9958.0 3.0 3.0
1.0 22.0 8169.0 4.0 3.0
1.0 20.0 6745.0 3.0 3.0
2.0 23.0 5948.0 4.0 2.0
1.0 17.0 3993.0 4.0 3.0
1.0 21.0 8244.0 4.0 3.0
2.0 16.0 4212.0 3.0 1.0
2.0 17.0 4767.0 3.0 1.0
2.0 17.0 7193.0 4.0 2.0
2.0 20.0 7030.0 4.0 2.0
1.0 24.0 6484.0 4.0 3.0
1.0 19.0 5602.0 4.0 3.0
2.0 15.0 6141.0 3.0 2.0
2.0 14.0 8373.0 4.0 2.0
2.0 21.0 8358.0 4.0 2.0
2.0 24.0 7853.0 3.0 2.0
1.0 15.0 5825.0 4.0 3.0
1.0 22.0 7845.0 4.0 3.0
1.0 16.0 5625.0 4.0 3.0
1.0 13.0 6337.0 3.0 3.0
2.0 12.0 9503.0 3.0 2.0
2.0 15.0 2170.0 4.0 2.0
2.0 18.0 8183.0 3.0 2.0
2.0 17.0 4738.0 3.0 1.0
2.0 18.0 4163.0 4.0 2.0
1.0 18.0 3468.0 3.0 3.0
1.0 21.0 4351.0 3.0 3.0
2.0 20.0 6258.0 3.0 2.0
1.0 23.0 9528.0 4.0 3.0
2.0 18.0 8317.0 4.0 2.0
1.0 21.0 5538.0 4.0 3.0
1.0 12.0 2008.0 3.0 3.0
2.0 10.0 8830.0 4.0 2.0
2.0 21.0 4953.0 4.0 2.0
1.0 12.0 2333.0 4.0 3.0
1.0 14.0 5990.0 3.0 3.0
1.0 11.0 5802.0 3.0 3.0
1.0 12.0 9098.0 4.0 3.0
1.0 13.0 3290.0 3.0 3.0
2.0 24.0 4853.0 3.0 1.0
2.0 16.0 9894.0 3.0 2.0
2.0 20.0 3832.0 4.0 2.0
1.0 18.0 8238.0 3.0 3.0
1.0 13.0 2667.0 3.0 3.0
1.0 22.0 9106.0 3.0 3.0
1.0 15.0 9716.0 3.0 3.0
2.0 21.0 3847.0 4.0 2.0
1.0 22.0 4212.0 4.0 3.0
2.0 21.0 2238.0 3.0 1.0
1.0 10.0 9541.0 4.0 3.0
1.0 22.0 6411.0 4.0 3.0
1.0 20.0 2917.0 3.0 3.0
1.0 15.0 2346.0 4.0 3.0
1.0 24.0 9838.0 3.0 3.0
1.0 13.0 8734.0 4.0 3.0
2.0 17.0 2142.0 3.0 1.0
2.0 17.0 6933.0 3.0 2.0
1.0 21.0 7949.0 4.0 3.0
1.0 12.0 3769.0 4.0 3.0
2.0 23.0 5741.0 4.0 2.0
2.0 18.0 4597.0 3.0 1.0
1.0 24.0 7047.0 3.0 3.0
2.0 18.0 8191.0 3.0 2.0
2.0 20.0 6909.0 4.0 2.0
2.0 23.0 6404.0 4.0 2.0
2.0 22.0 3297.0 3.0 1.0
1.0 11.0 6326.0 3.0 3.0
2.0 14.0 6580.0 4.0 2.0
2.0 16.0 9714.0 4.0 2.0
2.0 24.0 3669.0 4.0 2.0
2.0 23.0 8561.0 3.0 2.0
1.0 16.0 4925.0 4.0 3.0
1.0 19.0 8652.0 3.0 3.0
2.0 17.0 9419.0 3.0 2.0
1.0 10.0 2634.0 3.0 3.0
2.0 21.0 9701.0 4.0 2.0
1.0 18.0 8724.0 4.0 3.0
1.0 11.0 5814.0 4.0 3.0
1.0 23.0 5923.0 3.0 3.0
2.0 21.0 2641.0 4.0 2.0
1.0 10.0 5727.0 4.0 3.0
2.0 21.0 4940.0 3.0 1.0
2.0 15.0 3210.0 4.0 2.0
2.0 20.0 3018.0 3.0 1.0
2.0 23.0 7405.0 3.0 2.0
1.0 16.0 5258.0 3.0 3.0
2.0 20.0 3814.0 4.0 2.0
2.0 10.0 5105.0 4.0 2.0
1.0 10.0 3513.0 3.0 3.0
2.0 24.0 2486.0 3.0 1.0
1.0 21.0 7983.0 3.0 3.0
2.0 22.0 9922.0 4.0 2.0
2.0 11.0 8878.0 4.0 2.0
1.0 11.0 8691.0 4.0 3.0
2.0 11.0 7985.0 4.0 2.0
2.0 17.0 7313.0 3.0 2.0
1.0 12.0 5333.0 4.0 3.0
2.0 14.0 5136.0 3.0 2.0
1.0 19.0 8717.0 4.0 3.0
2.0 10.0 2372.0 3.0 2.0
2.0 11.0 7439.0 4.0 2.0
1.0 10.0 3849.0 3.0 3.0
1.0 16.0 9304.0 4.0 3.0
2.0 19.0 7008.0 4.0 2.0
2.0 20.0 4778.0 3.0 1.0
2.0 18.0 4794.0 3.0 1.0
1.0 14.0 3279.0 4.0 3.0
1.0 23.0 7597.0 4.0 3.0
2.0 12.0 8683.0 3.0 2.0
2.0 14.0 6115.0 3.0 2.0
2.0 14.0 6761.0 3.0 2.0
2.0 16.0 8870.0 3.0 2.0
2.0 19.0 2811.0 3.0 1.0
2.0 18.0 8947.0 4.0 2.0
1.0 15.0 5160.0 3.0 3.0
1.0 15.0 5811.0 4.0 3.0
2.0 17.0 2159.0 4.0 2.0
2.0 13.0 5659.0 4.0 2.0
2.0 23.0 4210.0 4.0 2.0
1.0 20.0 9616.0 3.0 3.0
2.0 22.0 4631.0 4.0 2.0
2.0 18.0 3387.0 4.0 2.0
1.0 13.0 7854.0 4.0 3.0
2.0 21.0 7017.0 3.0 2.0
2.0 16.0 6028.0 4.0 2.0
1.0 22.0 3249.0 4.0 3.0
1.0 22.0 6813.0 3.0 3.0
1.0 10.0 5929.0 3.0 3.0
2.0 11.0 6144.0 4.0 2.0
2.0 17.0 4046.0 3.0 1.0
1.0 10.0 5518.0 3.0 3.0
1.0 23.0 7473.0 3.0 3.0
1.0 13.0 2162.0 3.0 3.0
2.0 11.0 4333.0 3.0 2.0
2.0 17.0 3906.0 3.0 1.0
1.0 13.0 3727.0 4.0 3.0
1.0 13.0 6235.0 3.0 3.0
1.0 11.0 5862.0 4.0 3.0
2.0 22.0 3944.0 4.0 2.0
1.0 12.0 7679.0 4.0 3.0
1.0 15.0 7120.0 4.0 3.0
1.0 20.0 8883.0 3.0 3.0
2.0 20.0 8915.0 3.0 2.0
2.0 16.0 7146.0 4.0 2.0
2.0 19.0 7585.0 3.0 2.0
2.0 21.0 9724.0 4.0 2.0
2.0 12.0 8223.0 3.0 2.0
2.0 22.0 4878.0 4.0 2.0
2.0 20.0 7682.0 4.0 2.0
1.0 12.0 8716.0 4.0 3.0
1.0 11.0 2213.0 3.0 3.0
1.0 24.0 9311.0 3.0 3.0
2.0 22.0 3393.0 3.0 1.0
1.0 20.0 7608.0 3.0 3.0
1.0 13.0 9448.0 4.0 3.0
2.0 11.0 4626.0 3.0 2.0
2.0 21.0 8192.0 4.0 2.0
1.0 18.0 2788.0 4.0 3.0
1.0 10.0 2817.0 4.0 3.0
2.0 16.0 3043.0 4.0 2.0
2.0 11.0 2786.0 3.0 2.0
2.0 24.0 8399.0 4.0 2.0
1.0 11.0 8971.0 4.0 3.0
1.0 22.0 3264.0 4.0 3.0
1.0 21.0 5303.0 4.0 3.0
1.0 16.0 7714.0 3.0 3.0
2.0 13.0 5444.0 3.0 2.0
2.0 13.0 9701.0 4.0 2.0
1.0 15.0 7990.0 4.0 3.0
1.0 16.0 8014.0 3.0 3.0
1.0 24.0 5754.0 4.0 3.0
2.0 20.0 2384.0 3.0 1.0
2.0 13.0 8281.0 4.0 2.0
1.0 12.0 2248.0 4.0 3.0
1.0 21.0 4393.0 3.0 3.0
